{
 "cells": [
  {
   "cell_type": "code",
   "execution_count": 1295,
   "metadata": {},
   "outputs": [],
   "source": [
    "from sklearn.feature_extraction.text import CountVectorizer\n",
    "from sklearn.feature_extraction.text import TfidfVectorizer\n",
    "from sklearn.decomposition import LatentDirichletAllocation\n",
    "from sklearn.decomposition import NMF\n",
    "from sklearn.metrics import pairwise_distances\n",
    "from wordcloud import WordCloud, STOPWORDS\n",
    "from nltk.sentiment import SentimentIntensityAnalyzer\n",
    "\n",
    "import numpy as np\n",
    "import pandas as pd\n",
    "from docx import Document\n",
    "import docx\n",
    "from youtube_transcript_api import YouTubeTranscriptApi\n",
    "from nltk.util import ngrams\n",
    "import re\n",
    "from tensorflow.keras.preprocessing.text import Tokenizer\n",
    "\n",
    "import seaborn as sns\n",
    "%matplotlib inline\n",
    "from matplotlib import pyplot as plt\n",
    "# import sklearn\n",
    "from sklearn.preprocessing import scale\n",
    "from sklearn.cluster import KMeans\n",
    "from sklearn.utils import shuffle\n",
    "\n",
    "from sklearn import datasets\n",
    "from sklearn.decomposition import PCA\n",
    "\n",
    "from sklearn.metrics import accuracy_score, confusion_matrix\n",
    "from sklearn.model_selection import train_test_split\n",
    "from sklearn import svm\n",
    "\n",
    "# Learn the vocabulary\n",
    "#tokenizer = Tokenizer()\n",
    "#tokenizer.fit_on_texts()\n",
    "\n",
    "document_18 = docx.Document('S18.docx')\n",
    "document_19 = docx.Document('S19.docx')\n",
    "document_20 = docx.Document('S20.docx')"
   ]
  },
  {
   "cell_type": "code",
   "execution_count": 1296,
   "metadata": {},
   "outputs": [],
   "source": [
    "para_18 = document_18.paragraphs\n",
    "para_19 = document_19.paragraphs\n",
    "para_20 = document_20.paragraphs\n",
    "\n",
    "finalText18 = []\n",
    "for para in para_18:\n",
    "    finalText18.append(para.text)\n",
    "finalText_s18 = '\\n'.join(finalText18)\n",
    "\n",
    "finalText19 = []\n",
    "for para in para_19:\n",
    "    finalText19.append(para.text)\n",
    "finalText_s19 = '\\n'.join(finalText19)\n",
    "\n",
    "finalText20 = []\n",
    "for para in para_20:\n",
    "    finalText20.append(para.text)\n",
    "finalText_s20 = '\\n'.join(finalText20)\n",
    "#for para in document_18:\n",
    "#    print(para.text)"
   ]
  },
  {
   "cell_type": "code",
   "execution_count": 1297,
   "metadata": {},
   "outputs": [],
   "source": [
    "import string\n",
    "clean_text18 = re.sub('[%s]' % re.escape(string.punctuation), ' ', finalText_s18)\n",
    "clean_text18 = clean_text18.lower()\n",
    "clean_text18 = re.sub('\\w*\\d\\w*', ' ', clean_text18)\n",
    "split_s18 = clean_text18.split(\"\\n\\n\")\n",
    "\n",
    "clean_text19 = re.sub('[%s]' % re.escape(string.punctuation), ' ', finalText_s19)\n",
    "clean_text19 = clean_text19.lower()\n",
    "clean_text19 = re.sub('\\w*\\d\\w*', ' ', clean_text19)\n",
    "split_s19 = clean_text19.split(\"\\n\\n\")\n",
    "\n",
    "clean_text20 = re.sub('[%s]' % re.escape(string.punctuation), ' ', finalText_s20)\n",
    "clean_text20 = clean_text20.lower()\n",
    "clean_text20 = re.sub('\\w*\\d\\w*', ' ', clean_text20)\n",
    "split_s20 = clean_text20.split(\"\\n\\n\")"
   ]
  },
  {
   "cell_type": "code",
   "execution_count": 1298,
   "metadata": {
    "scrolled": true
   },
   "outputs": [
    {
     "name": "stderr",
     "output_type": "stream",
     "text": [
      "[nltk_data] Downloading package punkt to\n",
      "[nltk_data]     /Users/jihyangseo/nltk_data...\n",
      "[nltk_data]   Package punkt is already up-to-date!\n"
     ]
    }
   ],
   "source": [
    "import nltk\n",
    "nltk.download('punkt')\n",
    "from nltk.tokenize import word_tokenize\n",
    "\n",
    "for i in range(0, len(split_s18)):\n",
    "    my_text18 = (word_tokenize(split_s18[i]))\n",
    "for i in range(0, len(split_s19)):\n",
    "    my_text19 = (word_tokenize(split_s19[i]))\n",
    "for i in range(0, len(split_s20)):\n",
    "    my_text20 = (word_tokenize(split_s20[i]))\n",
    "            "
   ]
  },
  {
   "cell_type": "code",
   "execution_count": 1299,
   "metadata": {
    "scrolled": true
   },
   "outputs": [],
   "source": [
    "dfa = pd.DataFrame()\n",
    "dfa['text'] = split_s18\n",
    "dfa['result'] = ['w','w','d','d','w','d','d','w','d','w','w','w','w','w','w','w','w','l','w','w','w','w','w']\n",
    "dfa['season'] = ['1','1','1','1','1','1','1','1','1','1','1','1','1','1','1','1','1','1','1','1','1','1','1']\n",
    "\n",
    "dfa19 = pd.DataFrame()\n",
    "dfa19['text'] = split_s19\n",
    "dfa19['result'] = ['w','w','w','w','w','w','w','w','w','w','w','w','w','w','w','w','w','w','w','w','w','w','w','w','w','w','w','w','w','d','d','w','d','d','w','d','w','w','w','w','w','w','w','w','l','w','w','w','w','w']\n",
    "dfa19['season'] = ['2','2','2','2','2','2','2','2','2','2','2','2','2','2','2','2','2','2','2','2','2','2','2','2','2','2','2','2','2','2','2','2','2','2','2','2','2','2','2','2','2','2','2','2','2','2','2','2','2','2']\n",
    "\n",
    "dfa20 = pd.DataFrame()\n",
    "dfa20['text'] = split_s20\n",
    "dfa20['result'] = ['w','w','w','w','w','w','w','w','w','w','w','w','w','w','w','w','w','l','w','w','w','w','w','w','l','w','w','w','w','w','w','w','w','w','w']\n",
    "dfa20['season'] = ['3','3','3','3','3','3','3','3','3','3','3','3','3','3','3','3','3','3','3','3','3','3','3','3','3','3','3','3','3','3','3','3','3','3','3']"
   ]
  },
  {
   "cell_type": "code",
   "execution_count": 1300,
   "metadata": {},
   "outputs": [
    {
     "name": "stderr",
     "output_type": "stream",
     "text": [
      "[nltk_data] Downloading package stopwords to\n",
      "[nltk_data]     /Users/jihyangseo/nltk_data...\n",
      "[nltk_data]   Package stopwords is already up-to-date!\n"
     ]
    }
   ],
   "source": [
    "import nltk\n",
    "nltk.download('stopwords')\n",
    "from nltk.corpus import stopwords\n",
    "set(stopwords.words('english'))\n",
    "sw = nltk.corpus.stopwords.words('english')\n",
    "sw.append('ve')\n",
    "sw.append('don')\n",
    "sw.append('did')\n",
    "sw.append('like')\n",
    "sw.append('ll')\n",
    "sw.append('um')\n",
    "sw.append('uh')\n",
    "sw.append('well')\n",
    "sw.append('really')\n",
    "sw.append('things')\n",
    "sw.append('think')\n",
    "sw.append('yeah')\n",
    "sw.append('one')\n",
    "sw.append('us')\n",
    "sw.append('would')\n",
    "sw.append('game')\n",
    "sw.append('go')\n",
    "sw.append('tonight')\n",
    "sw.append('today')\n",
    "sw.append('know')\n",
    "sw.append('creo')\n",
    "sw.append('morgan')\n",
    "sw.append('german')\n",
    "sw.append('germany')\n",
    "sw.append('don')\n",
    "sw.append('james')\n",
    "sw.append('carl')\n",
    "sw.append('vinnie')\n",
    "sw.append('sunday')\n",
    "sw.append('van')\n",
    "sw.append('gonna')\n",
    "sw.append('super')\n",
    "sw.append('music')\n",
    "sw.append('boruc')\n",
    "sw.append('chema')\n",
    "sw.append('celia')\n",
    "sw.append('please')\n",
    "sw.append('lucky')\n",
    "sw.append('unlucky')\n",
    "sw.append('went')\n",
    "sw.append('boruc')\n",
    "sw.append('estos')\n",
    "sw.append('cola')\n",
    "sw.append('alibaba')\n",
    "sw.append('group')\n",
    "sw.append('weekend')\n",
    "sw.append('ian')\n",
    "sw.append('left')\n",
    "sw.append('southampton')\n",
    "sw.append('chelsea')\n",
    "sw.append('leicester')\n",
    "sw.append('hello')\n",
    "sw.append('hands')\n",
    "sw.append('god')\n",
    "sw.append('ham')\n",
    "sw.append('preseason')\n",
    "sw.append('international')\n",
    "sw.append('person')\n",
    "sw.append('working')\n",
    "sw.append('balls')\n",
    "sw.append('tottenham')\n",
    "sw.append('bayern')\n",
    "sw.append('everton')\n",
    "sw.append('must')\n",
    "sw.append('terms')\n",
    "sw.append('barcelona')\n",
    "sw.append('crystal')\n",
    "sw.append('steps')\n",
    "sw.append('arsenal')\n",
    "sw.append('west')\n",
    "sw.append('villa')\n",
    "sw.append('aston')\n",
    "sw.append('others')\n",
    "sw.append('mind')\n",
    "sw.append('derby')\n",
    "sw.append('allowed')\n",
    "sw.append('six')\n",
    "sw.append('nate')\n",
    "sw.append('jurgen')\n",
    "sw.append('record')\n",
    "sw.append('free')\n",
    "sw.append('whether')\n",
    "sw.append('joe')\n",
    "sw.append('morning')\n",
    "sw.append('feeling')\n",
    "sw.append('incredibly')\n",
    "sw.append('adam')\n",
    "sw.append('luck')\n",
    "sw.append('nine')\n",
    "sw.append('palace')\n",
    "sw.append('high')\n",
    "sw.append('honestly')"
   ]
  },
  {
   "cell_type": "code",
   "execution_count": 1301,
   "metadata": {
    "scrolled": true
   },
   "outputs": [],
   "source": [
    "# COUNTVECTORIZE\n",
    "# combining dataframes\n",
    "combined = pd.concat([dfa,dfa19,dfa20])\n",
    "combined = combined.replace(r'\\n','', regex=True)\n",
    "#combined_list = combined.values.tolist()\n",
    "combined\n",
    "cv = CountVectorizer(min_df = 8, max_df = 30, stop_words = sw)\n",
    "sample = pd.DataFrame(combined['text']+','+combined['result']+','+combined['season'].astype('str'),columns=['Output'])\n",
    "\n",
    "vectorized = cv.fit_transform(sample['Output'])\n",
    "press_conf = pd.DataFrame(vectorized.toarray(), columns = cv.get_feature_names())"
   ]
  },
  {
   "cell_type": "code",
   "execution_count": 1302,
   "metadata": {},
   "outputs": [],
   "source": [
    "# TFIDF\n",
    "cv_tfidf = TfidfVectorizer(min_df=40, max_df=50, stop_words = sw)\n",
    "\n",
    "X_tfidf = cv_tfidf.fit_transform(sample['Output'])\n",
    "dt_tfidf = pd.DataFrame(X_tfidf.toarray(), columns = cv_tfidf.get_feature_names())"
   ]
  },
  {
   "cell_type": "code",
   "execution_count": 1303,
   "metadata": {},
   "outputs": [],
   "source": [
    "def display_topics(model, feature_names, no_top_words, topic_names=None):\n",
    "    for ix, topic in enumerate(model.components_):\n",
    "        if not topic_names or not topic_names[ix]:\n",
    "            print(\"\\nTopic \", ix)\n",
    "        else:\n",
    "            print(\"\\nTopic: '\",topic_names[ix],\"'\")\n",
    "        print(\", \".join([feature_names[i]\n",
    "                        for i in topic.argsort()[:-no_top_words - 1:-1]]))"
   ]
  },
  {
   "cell_type": "code",
   "execution_count": 1304,
   "metadata": {},
   "outputs": [],
   "source": [
    "lda = LatentDirichletAllocation(n_components=4, random_state=0)\n",
    "doc_topic_array = lda.fit_transform(press_conf)"
   ]
  },
  {
   "cell_type": "code",
   "execution_count": 1305,
   "metadata": {},
   "outputs": [
    {
     "data": {
      "text/plain": [
       "array([[1.67048237e-01, 8.27056585e-01, 2.93240264e-03, 2.96277565e-03],\n",
       "       [4.10992556e-01, 4.96386162e-01, 3.13163949e-03, 8.94896420e-02],\n",
       "       [1.68116891e-01, 8.25671399e-01, 3.12657652e-03, 3.08513369e-03],\n",
       "       [3.58368667e-03, 9.89296959e-01, 3.53382419e-03, 3.58552993e-03],\n",
       "       [2.46220454e-01, 3.92942146e-01, 2.98697380e-03, 3.57850427e-01],\n",
       "       [4.57718761e-03, 7.03567771e-01, 4.67889574e-03, 2.87176145e-01],\n",
       "       [2.06136410e-03, 5.47830655e-01, 4.47989901e-01, 2.11807974e-03],\n",
       "       [2.60484766e-03, 7.46962061e-01, 2.47841824e-01, 2.59126733e-03],\n",
       "       [4.21494738e-03, 5.62501647e-01, 4.24056399e-03, 4.29042842e-01],\n",
       "       [3.36355461e-01, 4.12902597e-01, 2.48190750e-01, 2.55119286e-03],\n",
       "       [3.77676918e-01, 3.22278639e-01, 2.96830185e-01, 3.21425728e-03],\n",
       "       [2.77117742e-03, 6.10114793e-01, 3.84351590e-01, 2.76243877e-03],\n",
       "       [3.41967863e-03, 9.89774754e-01, 3.40805614e-03, 3.39751148e-03],\n",
       "       [2.31304331e-03, 2.35287530e-03, 9.93046849e-01, 2.28723256e-03],\n",
       "       [5.98639946e-01, 3.96067918e-01, 2.58125399e-03, 2.71088212e-03],\n",
       "       [4.37830449e-03, 9.86892407e-01, 4.43618081e-03, 4.29310795e-03],\n",
       "       [3.45102907e-03, 9.89656816e-01, 3.41741843e-03, 3.47473684e-03],\n",
       "       [9.87301201e-01, 4.23468324e-03, 4.19993379e-03, 4.26418212e-03],\n",
       "       [3.04032437e-03, 9.91068146e-01, 2.95804737e-03, 2.93348275e-03],\n",
       "       [2.46649975e-03, 9.92510843e-01, 2.49405980e-03, 2.52859699e-03],\n",
       "       [2.57891276e-03, 7.16676066e-01, 2.48419321e-03, 2.78260828e-01],\n",
       "       [7.43348052e-04, 1.72661880e-01, 7.28507748e-04, 8.25866264e-01],\n",
       "       [8.42869327e-02, 7.54413247e-02, 7.96967919e-02, 7.60574951e-01],\n",
       "       [1.17725339e-01, 2.71556264e-03, 2.64525746e-03, 8.76913841e-01],\n",
       "       [2.28802734e-01, 3.90666757e-01, 3.35921974e-01, 4.46085356e-02],\n",
       "       [4.71617359e-01, 2.42472103e-02, 1.74183792e-03, 5.02393593e-01],\n",
       "       [2.93996580e-03, 2.97158213e-03, 9.91118305e-01, 2.97014733e-03],\n",
       "       [3.76912806e-01, 4.35467386e-01, 4.48274979e-03, 1.83137058e-01],\n",
       "       [3.76774056e-03, 9.88782684e-01, 3.74091354e-03, 3.70866237e-03],\n",
       "       [9.90490461e-01, 3.17013344e-03, 3.17706702e-03, 3.16233872e-03],\n",
       "       [4.36271728e-03, 9.86794562e-01, 4.47074065e-03, 4.37197985e-03],\n",
       "       [9.92110819e-01, 2.63523842e-03, 2.61672651e-03, 2.63721613e-03],\n",
       "       [1.45775043e-03, 1.44011278e-03, 3.69220028e-01, 6.27882109e-01],\n",
       "       [3.71765200e-03, 9.89013100e-01, 3.57855372e-03, 3.69069401e-03],\n",
       "       [2.34124363e-03, 2.33152360e-03, 9.93031382e-01, 2.29585054e-03],\n",
       "       [2.34124363e-03, 2.33152360e-03, 9.93031382e-01, 2.29585054e-03],\n",
       "       [9.94383123e-01, 1.87448683e-03, 1.87173174e-03, 1.87065890e-03],\n",
       "       [5.32033086e-03, 9.83871892e-01, 5.45992303e-03, 5.34785440e-03],\n",
       "       [2.60662748e-03, 3.99318508e-01, 5.95494456e-01, 2.58040826e-03],\n",
       "       [2.81282523e-03, 6.61285317e-01, 3.33246825e-01, 2.65503289e-03],\n",
       "       [1.05857047e-01, 3.98279768e-01, 3.27576155e-03, 4.92587424e-01],\n",
       "       [3.80586782e-03, 6.44033246e-01, 3.64897255e-03, 3.48511914e-01],\n",
       "       [1.37381790e-03, 2.12820274e-01, 2.47874605e-02, 7.61018448e-01],\n",
       "       [4.23359949e-03, 9.87452219e-01, 4.13564987e-03, 4.17853132e-03],\n",
       "       [1.31064248e-03, 1.31999737e-03, 1.62779864e-01, 8.34589497e-01],\n",
       "       [4.63057381e-03, 9.86100564e-01, 4.65225389e-03, 4.61660803e-03],\n",
       "       [5.74954753e-01, 3.89428871e-03, 3.96522301e-03, 4.17185735e-01],\n",
       "       [6.59877150e-01, 6.72080412e-02, 2.69511106e-01, 3.40370354e-03],\n",
       "       [3.41272946e-03, 5.05421294e-01, 1.57288465e-01, 3.33877511e-01],\n",
       "       [4.14770884e-03, 6.99659536e-01, 2.92041296e-01, 4.15145941e-03],\n",
       "       [6.22099009e-03, 6.20056421e-03, 9.81308307e-01, 6.27013893e-03],\n",
       "       [2.05896769e-01, 1.82430516e-03, 1.75627339e-03, 7.90522652e-01],\n",
       "       [9.83195069e-01, 5.55696222e-03, 5.81493103e-03, 5.43303818e-03],\n",
       "       [9.94428271e-01, 1.85507798e-03, 1.84678509e-03, 1.86986639e-03],\n",
       "       [1.70560641e-01, 5.92089308e-01, 3.43251164e-03, 2.33917540e-01],\n",
       "       [9.86988142e-01, 4.31142473e-03, 4.31471770e-03, 4.38571561e-03],\n",
       "       [4.13236336e-03, 4.18630253e-01, 9.65983175e-02, 4.80639066e-01],\n",
       "       [3.02870496e-03, 9.19392244e-01, 7.46202869e-02, 2.95876423e-03],\n",
       "       [2.80564037e-03, 9.91586191e-01, 2.81024940e-03, 2.79791920e-03],\n",
       "       [2.90798166e-01, 3.41795055e-01, 3.62879355e-01, 4.52742429e-03],\n",
       "       [4.64780594e-01, 4.55277588e-01, 3.65690439e-03, 7.62849138e-02],\n",
       "       [4.97296884e-03, 6.73455688e-01, 3.04287444e-02, 2.91142598e-01],\n",
       "       [2.13001326e-03, 9.69592565e-01, 2.09716760e-03, 2.61802538e-02],\n",
       "       [2.34190164e-01, 3.03900747e-01, 1.64897119e-03, 4.60260118e-01],\n",
       "       [2.34159882e-03, 2.38669675e-03, 9.93003505e-01, 2.26819917e-03],\n",
       "       [2.72049308e-03, 9.27381968e-01, 2.83264373e-03, 6.70648948e-02],\n",
       "       [3.08215251e-01, 6.85784351e-01, 2.97163702e-03, 3.02876103e-03],\n",
       "       [1.23172142e-03, 4.98188129e-01, 8.56686245e-02, 4.14911525e-01],\n",
       "       [9.92989007e-01, 2.32004582e-03, 2.39200809e-03, 2.29893944e-03],\n",
       "       [8.21250316e-04, 1.14941188e-01, 8.15768227e-04, 8.83421794e-01],\n",
       "       [3.26096517e-03, 3.36410853e-03, 7.08524362e-01, 2.84850564e-01],\n",
       "       [1.17517849e-03, 1.19148124e-03, 1.16533387e-03, 9.96468006e-01],\n",
       "       [2.55349649e-03, 9.89664356e-01, 2.56840738e-03, 5.21374055e-03],\n",
       "       [4.56280878e-01, 1.38340309e-03, 1.35587399e-03, 5.40979845e-01],\n",
       "       [1.26105613e-03, 1.26369660e-03, 1.25285407e-03, 9.96222393e-01],\n",
       "       [1.77611322e-03, 1.75854158e-03, 1.73680101e-03, 9.94728544e-01],\n",
       "       [2.21563142e-03, 2.18661881e-03, 2.21428124e-03, 9.93383469e-01],\n",
       "       [7.84260779e-02, 1.07128980e-03, 1.06231122e-03, 9.19440321e-01],\n",
       "       [1.53179687e-03, 2.26230359e-01, 1.00744679e-01, 6.71493165e-01],\n",
       "       [9.22450575e-04, 9.10129911e-04, 9.09989268e-04, 9.97257430e-01],\n",
       "       [1.56777072e-03, 1.57308867e-03, 3.05055156e-01, 6.91803985e-01],\n",
       "       [8.71427333e-04, 8.48754777e-04, 8.44584183e-04, 9.97435234e-01],\n",
       "       [1.40068293e-03, 1.44770124e-03, 5.18494451e-02, 9.45302171e-01],\n",
       "       [7.01139374e-04, 6.87247252e-04, 6.91544140e-04, 9.97920069e-01],\n",
       "       [1.14141165e-03, 1.14825985e-03, 1.12691204e-03, 9.96583416e-01],\n",
       "       [1.79829553e-03, 1.80318745e-03, 1.09754673e-01, 8.86643844e-01],\n",
       "       [1.11809767e-03, 1.15151063e-03, 1.12556810e-03, 9.96604824e-01],\n",
       "       [1.49453573e-03, 1.50932073e-03, 1.52003345e-03, 9.95476110e-01],\n",
       "       [1.52398636e-03, 1.45076740e-02, 1.57793386e-03, 9.82390406e-01],\n",
       "       [1.23692163e-03, 1.27261276e-03, 5.76655499e-02, 9.39824916e-01],\n",
       "       [1.22393363e-03, 1.20996135e-03, 1.81166974e-02, 9.79449408e-01],\n",
       "       [1.51457213e-03, 1.49405991e-03, 2.75364995e-01, 7.21626373e-01],\n",
       "       [1.73182279e-03, 1.74707259e-03, 1.74453172e-03, 9.94776573e-01],\n",
       "       [1.58950120e-03, 3.14434071e-02, 1.58695487e-03, 9.65380137e-01],\n",
       "       [1.47803906e-03, 1.50899056e-03, 1.49959839e-03, 9.95513372e-01],\n",
       "       [6.49915326e-03, 6.82778890e-03, 6.40264401e-03, 9.80270414e-01],\n",
       "       [6.12360283e-01, 8.12614659e-03, 7.74048516e-03, 3.71773085e-01],\n",
       "       [2.26261828e-03, 9.31073674e-02, 2.20716698e-03, 9.02422847e-01],\n",
       "       [2.59742467e-01, 1.48570952e-03, 1.48428608e-03, 7.37287537e-01],\n",
       "       [1.27108622e-03, 4.67659589e-01, 1.30754476e-03, 5.29761780e-01],\n",
       "       [3.60517805e-03, 1.05965455e-01, 3.63139778e-03, 8.86797970e-01],\n",
       "       [1.18284215e-03, 9.83103500e-02, 1.13317835e-03, 8.99373630e-01],\n",
       "       [1.69120328e-03, 1.67547860e-03, 9.94901444e-01, 1.73187377e-03],\n",
       "       [9.81976020e-04, 1.79528227e-01, 9.94443288e-04, 8.18495354e-01],\n",
       "       [9.93576191e-01, 2.11360118e-03, 2.15355428e-03, 2.15665358e-03],\n",
       "       [1.80380003e-03, 4.17991595e-02, 5.00157876e-01, 4.56239165e-01],\n",
       "       [9.72598497e-04, 9.86762942e-04, 9.86178677e-04, 9.97054460e-01],\n",
       "       [2.03981831e-03, 2.00219608e-03, 9.93893213e-01, 2.06477250e-03]])"
      ]
     },
     "execution_count": 1305,
     "metadata": {},
     "output_type": "execute_result"
    }
   ],
   "source": [
    "doc_topic_array"
   ]
  },
  {
   "cell_type": "code",
   "execution_count": 1306,
   "metadata": {},
   "outputs": [
    {
     "name": "stdout",
     "output_type": "stream",
     "text": [
      "\n",
      "Topic  0\n",
      "penalty, var, offside, foul, physical, decisive, competition, concerned, tricky, accept, box, cup, less\n",
      "\n",
      "Topic  1\n",
      "atmosphere, third, box, pieces, unbelievable, deserved, watch, break, momentum, corner, crowd, reaction, trent\n",
      "\n",
      "Topic  2\n",
      "mo, ali, serious, centre, alisson, hendo, naby, rhythm, millie, fabinho, smart, bobby, penalty\n",
      "\n",
      "Topic  3\n",
      "fantastic, virgil, title, fans, supporters, match, future, joel, slightly, coach, clubs, injured, miss\n"
     ]
    }
   ],
   "source": [
    "display_topics(lda, cv.get_feature_names(), 13)"
   ]
  },
  {
   "cell_type": "code",
   "execution_count": 1307,
   "metadata": {},
   "outputs": [
    {
     "data": {
      "text/html": [
       "<div>\n",
       "<style scoped>\n",
       "    .dataframe tbody tr th:only-of-type {\n",
       "        vertical-align: middle;\n",
       "    }\n",
       "\n",
       "    .dataframe tbody tr th {\n",
       "        vertical-align: top;\n",
       "    }\n",
       "\n",
       "    .dataframe thead th {\n",
       "        text-align: right;\n",
       "    }\n",
       "</style>\n",
       "<table border=\"1\" class=\"dataframe\">\n",
       "  <thead>\n",
       "    <tr style=\"text-align: right;\">\n",
       "      <th></th>\n",
       "      <th>referee</th>\n",
       "      <th>tactical</th>\n",
       "      <th>players</th>\n",
       "      <th>injury</th>\n",
       "    </tr>\n",
       "  </thead>\n",
       "  <tbody>\n",
       "    <tr>\n",
       "      <th>0</th>\n",
       "      <td>0.167048</td>\n",
       "      <td>0.827057</td>\n",
       "      <td>0.002932</td>\n",
       "      <td>0.002963</td>\n",
       "    </tr>\n",
       "    <tr>\n",
       "      <th>1</th>\n",
       "      <td>0.410993</td>\n",
       "      <td>0.496386</td>\n",
       "      <td>0.003132</td>\n",
       "      <td>0.089490</td>\n",
       "    </tr>\n",
       "    <tr>\n",
       "      <th>2</th>\n",
       "      <td>0.168117</td>\n",
       "      <td>0.825671</td>\n",
       "      <td>0.003127</td>\n",
       "      <td>0.003085</td>\n",
       "    </tr>\n",
       "    <tr>\n",
       "      <th>3</th>\n",
       "      <td>0.003584</td>\n",
       "      <td>0.989297</td>\n",
       "      <td>0.003534</td>\n",
       "      <td>0.003586</td>\n",
       "    </tr>\n",
       "    <tr>\n",
       "      <th>4</th>\n",
       "      <td>0.246220</td>\n",
       "      <td>0.392942</td>\n",
       "      <td>0.002987</td>\n",
       "      <td>0.357850</td>\n",
       "    </tr>\n",
       "    <tr>\n",
       "      <th>...</th>\n",
       "      <td>...</td>\n",
       "      <td>...</td>\n",
       "      <td>...</td>\n",
       "      <td>...</td>\n",
       "    </tr>\n",
       "    <tr>\n",
       "      <th>103</th>\n",
       "      <td>0.000982</td>\n",
       "      <td>0.179528</td>\n",
       "      <td>0.000994</td>\n",
       "      <td>0.818495</td>\n",
       "    </tr>\n",
       "    <tr>\n",
       "      <th>104</th>\n",
       "      <td>0.993576</td>\n",
       "      <td>0.002114</td>\n",
       "      <td>0.002154</td>\n",
       "      <td>0.002157</td>\n",
       "    </tr>\n",
       "    <tr>\n",
       "      <th>105</th>\n",
       "      <td>0.001804</td>\n",
       "      <td>0.041799</td>\n",
       "      <td>0.500158</td>\n",
       "      <td>0.456239</td>\n",
       "    </tr>\n",
       "    <tr>\n",
       "      <th>106</th>\n",
       "      <td>0.000973</td>\n",
       "      <td>0.000987</td>\n",
       "      <td>0.000986</td>\n",
       "      <td>0.997054</td>\n",
       "    </tr>\n",
       "    <tr>\n",
       "      <th>107</th>\n",
       "      <td>0.002040</td>\n",
       "      <td>0.002002</td>\n",
       "      <td>0.993893</td>\n",
       "      <td>0.002065</td>\n",
       "    </tr>\n",
       "  </tbody>\n",
       "</table>\n",
       "<p>108 rows × 4 columns</p>\n",
       "</div>"
      ],
      "text/plain": [
       "      referee  tactical   players    injury\n",
       "0    0.167048  0.827057  0.002932  0.002963\n",
       "1    0.410993  0.496386  0.003132  0.089490\n",
       "2    0.168117  0.825671  0.003127  0.003085\n",
       "3    0.003584  0.989297  0.003534  0.003586\n",
       "4    0.246220  0.392942  0.002987  0.357850\n",
       "..        ...       ...       ...       ...\n",
       "103  0.000982  0.179528  0.000994  0.818495\n",
       "104  0.993576  0.002114  0.002154  0.002157\n",
       "105  0.001804  0.041799  0.500158  0.456239\n",
       "106  0.000973  0.000987  0.000986  0.997054\n",
       "107  0.002040  0.002002  0.993893  0.002065\n",
       "\n",
       "[108 rows x 4 columns]"
      ]
     },
     "execution_count": 1307,
     "metadata": {},
     "output_type": "execute_result"
    }
   ],
   "source": [
    "# make weight readable\n",
    "topic_list = ['referee','tactical','players','injury']\n",
    "doc_topic = pd.DataFrame(doc_topic_array, columns = topic_list)\n",
    "doc_topic"
   ]
  },
  {
   "cell_type": "code",
   "execution_count": 1308,
   "metadata": {},
   "outputs": [
    {
     "data": {
      "text/plain": [
       "0     1\n",
       "1     1\n",
       "2     1\n",
       "3     1\n",
       "4     1\n",
       "     ..\n",
       "30    3\n",
       "31    3\n",
       "32    3\n",
       "33    3\n",
       "34    3\n",
       "Name: season, Length: 108, dtype: object"
      ]
     },
     "execution_count": 1308,
     "metadata": {},
     "output_type": "execute_result"
    }
   ],
   "source": [
    "season = combined['season']\n",
    "season"
   ]
  },
  {
   "cell_type": "code",
   "execution_count": 1309,
   "metadata": {},
   "outputs": [],
   "source": [
    "doc_topic.reset_index(inplace=True)\n"
   ]
  },
  {
   "cell_type": "code",
   "execution_count": 1310,
   "metadata": {},
   "outputs": [],
   "source": [
    "x = pd.DataFrame(season)\n",
    "x.reset_index(inplace=True)\n"
   ]
  },
  {
   "cell_type": "code",
   "execution_count": null,
   "metadata": {},
   "outputs": [],
   "source": []
  },
  {
   "cell_type": "code",
   "execution_count": 1311,
   "metadata": {},
   "outputs": [],
   "source": [
    "per_season = pd.concat([doc_topic,x], axis = 1)\n",
    "per_season['season'] = per_season['season'].astype(int)"
   ]
  },
  {
   "cell_type": "code",
   "execution_count": 1312,
   "metadata": {},
   "outputs": [],
   "source": [
    "per_season.to_csv(\"18-20.csv\")"
   ]
  },
  {
   "cell_type": "code",
   "execution_count": 1313,
   "metadata": {},
   "outputs": [],
   "source": [
    "per_season1 = per_season.loc[per_season['season'] == 1]\n",
    "per_season2 = per_season.loc[per_season['season'] == 2]\n",
    "per_season3 = per_season.loc[per_season['season'] == 3]\n",
    "per_season1.to_csv(\"s18.csv\")\n",
    "per_season2.to_csv(\"s19.csv\")\n",
    "per_season3.to_csv(\"s20.csv\")"
   ]
  },
  {
   "cell_type": "code",
   "execution_count": 1315,
   "metadata": {},
   "outputs": [],
   "source": [
    "sw_word = sw\n",
    "sw_word.append('good')\n",
    "sw_word.append('play')\n",
    "sw_word.append('player')\n",
    "sw_word.append('players')\n",
    "sw_word.append('team')\n",
    "sw_word.append('lot')\n",
    "sw_word.append('say')\n",
    "sw_word.append('time')\n",
    "sw_word.append('obviously')\n",
    "sw_word.append('football')\n",
    "sw_word.append('get')\n",
    "sw_word.append('make')\n",
    "sw_word.append('always')\n",
    "sw_word.append('see')\n",
    "sw_word.append('boy')"
   ]
  },
  {
   "cell_type": "code",
   "execution_count": 1316,
   "metadata": {},
   "outputs": [
    {
     "data": {
